0 0 0 0 0 0 0 0 0 0 0 0 0 0 0 0 0 0 0 0 0 0 0 0 0 0 0 0
0 0 0 0 0 0 0 0 0 0 0 0 0 0 0 0 0 0 0 0 0 0 0 0 0 0 0 0
0 0 0 0 0 0 0 0 0 0 0 0 0 0 0 0 0 0 0 0 0 0 0 0 0 0 0 0
0 0 0 0 0 0 0 0 0 0 0 0 0 0 0 0 0 0 0 0 0 0 0 0 0 0 0 0
0 0 0 0 0 0 0 0 0 0 0 0 0 0 0 0 0 0 0 0 0 0 0 0 0 0 0 0
0 0 0 0 0 0 0 0 0 0 0 0 0 0 0 0 6 75 0 98 185 178 94 19 0 0 0 0
0 0 0 0 0 0 0 0 0 0 0 0 0 15 111 195 238 94 0 208 249 254 254 116 0 0 0 0
0 0 0 0 0 0 0 0 0 0 20 50 107 197 246 183 25 0 0 81 245 254 249 91 0 0 0 0
0 0 0 0 0 0 0 0 18 84 230 254 254 221 86 0 0 1 125 253 254 178 53 0 0 0 0 0
0 0 0 0 0 0 0 0 133 254 254 217 118 4 0 0 62 202 254 241 131 8 0 0 0 0 0 0
0 0 0 0 0 0 0 107 244 254 213 45 0 0 0 62 240 254 220 29 0 0 0 0 0 0 0 0
0 0 0 0 0 0 44 246 254 209 49 0 0 0 31 241 254 221 27 0 0 0 0 0 0 0 0 0
0 0 0 0 0 0 95 254 254 55 0 0 0 17 198 254 218 28 0 0 0 0 0 0 0 0 0 0
0 0 0 0 0 0 27 219 254 233 144 39 42 204 254 205 10 0 0 0 0 0 0 0 0 0 0 0
0 0 0 0 0 0 0 115 248 254 254 244 233 254 223 24 0 0 0 0 0 0 0 0 0 0 0 0
0 0 0 0 0 0 0 0 38 84 168 245 254 254 254 207 115 9 0 0 0 0 0 0 0 0 0 0
0 0 0 0 0 0 0 0 0 0 14 236 254 230 163 237 244 211 80 1 0 0 0 0 0 0 0 0
0 0 0 0 0 0 0 0 0 0 99 254 254 99 0 0 37 225 254 130 8 0 0 0 0 0 0 0
0 0 0 0 0 0 0 0 0 0 71 254 229 12 0 0 0 2 170 254 51 0 0 0 0 0 0 0
0 0 0 0 0 0 0 0 0 0 96 254 254 18 0 0 0 0 81 254 198 0 0 0 0 0 0 0
0 0 0 0 0 0 0 0 0 0 80 254 254 18 0 0 0 0 131 254 119 0 0 0 0 0 0 0
0 0 0 0 0 0 0 0 0 0 5 214 254 78 0 0 0 1 183 244 63 0 0 0 0 0 0 0
0 0 0 0 0 0 0 0 0 0 0 64 253 223 24 0 2 126 254 178 0 0 0 0 0 0 0 0
0 0 0 0 0 0 0 0 0 0 0 0 87 238 222 119 177 254 217 27 0 0 0 0 0 0 0 0
0 0 0 0 0 0 0 0 0 0 0 0 0 18 154 196 196 101 25 0 0 0 0 0 0 0 0 0
0 0 0 0 0 0 0 0 0 0 0 0 0 0 0 0 0 0 0 0 0 0 0 0 0 0 0 0
0 0 0 0 0 0 0 0 0 0 0 0 0 0 0 0 0 0 0 0 0 0 0 0 0 0 0 0
0 0 0 0 0 0 0 0 0 0 0 0 0 0 0 0 0 0 0 0 0 0 0 0 0 0 0 0
