0 0 0 0 0 0 0 0 0 0 0 0 0 0 0 0 0 0 0 0 0 0 0 0 0 0 0 0
0 0 0 0 0 0 0 0 0 0 0 0 0 0 0 0 0 0 0 0 0 0 0 0 0 0 0 0
0 0 0 0 0 0 0 0 0 0 0 0 0 0 0 0 0 0 0 0 0 0 0 0 0 0 0 0
0 0 0 0 0 0 0 0 0 0 0 0 0 0 0 0 0 0 0 0 0 0 0 0 0 0 0 0
0 0 0 0 0 0 0 0 0 0 0 0 0 0 0 0 0 0 0 0 0 0 0 0 0 0 0 0
0 0 0 0 0 0 0 0 0 32 255 254 255 254 254 254 157 130 88 1 0 0 0 0 0 0 0 0
0 0 0 0 0 0 0 0 0 32 253 253 253 253 253 253 253 253 253 108 2 0 0 0 0 0 0 0
0 0 0 0 0 0 0 0 0 14 129 238 253 253 253 253 253 253 253 253 30 0 0 0 0 0 0 0
0 0 0 0 0 0 0 0 0 0 0 56 253 248 167 235 253 253 253 253 104 0 0 0 0 0 0 0
0 0 0 0 0 0 0 0 0 0 5 178 253 182 0 27 134 247 253 253 215 15 0 0 0 0 0 0
0 0 0 0 0 0 0 0 0 5 130 253 222 27 0 0 0 186 253 253 253 24 0 0 0 0 0 0
0 0 0 0 0 0 0 0 0 32 253 253 122 0 0 0 0 67 246 253 253 106 0 0 0 0 0 0
0 0 0 0 0 0 0 0 0 117 253 199 25 0 0 0 0 0 187 253 253 148 0 0 0 0 0 0
0 0 0 0 0 0 0 0 46 225 245 67 0 0 0 0 0 0 88 253 253 148 0 0 0 0 0 0
0 0 0 0 0 0 0 0 149 253 185 0 0 0 0 0 0 0 88 253 253 148 0 0 0 0 0 0
0 0 0 0 0 0 0 15 228 253 93 0 0 0 0 0 0 0 88 253 253 148 0 0 0 0 0 0
0 0 0 0 0 0 0 19 253 253 93 0 0 0 0 0 0 0 88 253 253 148 0 0 0 0 0 0
0 0 0 0 0 0 0 19 253 253 93 0 0 0 0 0 0 0 88 253 253 109 0 0 0 0 0 0
0 0 0 0 0 0 0 19 253 253 134 0 0 0 0 0 0 0 88 253 219 16 0 0 0 0 0 0
0 0 0 0 0 0 0 19 253 253 230 32 0 0 0 0 0 0 132 253 154 0 0 0 0 0 0 0
0 0 0 0 0 0 0 19 253 253 253 233 120 0 74 100 100 200 248 217 33 0 0 0 0 0 0 0
0 0 0 0 0 0 0 2 159 253 253 253 249 230 247 253 253 253 253 109 0 0 0 0 0 0 0 0
0 0 0 0 0 0 0 0 95 253 253 253 253 253 253 253 253 253 118 3 0 0 0 0 0 0 0 0
0 0 0 0 0 0 0 0 2 41 253 253 253 253 253 253 253 119 2 0 0 0 0 0 0 0 0 0
0 0 0 0 0 0 0 0 0 16 51 88 214 165 99 5 5 1 0 0 0 0 0 0 0 0 0 0
0 0 0 0 0 0 0 0 0 0 0 0 0 0 0 0 0 0 0 0 0 0 0 0 0 0 0 0
0 0 0 0 0 0 0 0 0 0 0 0 0 0 0 0 0 0 0 0 0 0 0 0 0 0 0 0
0 0 0 0 0 0 0 0 0 0 0 0 0 0 0 0 0 0 0 0 0 0 0 0 0 0 0 0
