0 0 0 0 0 0 0 0 0 0 0 0 0 0 0 0 0 0 0 0 0 0 0 0 0 0 0 0
0 0 0 0 0 0 0 0 0 0 0 0 0 0 0 0 0 0 0 0 0 0 0 0 0 0 0 0
0 0 0 0 0 0 0 0 0 0 0 0 0 0 0 0 0 0 0 0 0 0 0 0 0 0 0 0
0 0 0 0 0 0 0 0 0 0 0 0 0 0 0 0 0 0 0 0 0 0 0 0 0 0 0 0
0 0 0 0 0 0 0 0 0 0 0 0 0 0 0 0 0 0 0 0 0 0 0 0 0 0 0 0
0 0 0 0 0 0 0 0 0 0 0 0 221 115 0 0 0 0 0 0 0 0 0 0 0 0 0 0
0 0 0 0 0 0 0 0 0 0 0 51 254 148 0 0 0 0 22 230 134 0 0 0 0 0 0 0
0 0 0 0 0 0 0 0 0 0 0 168 254 115 0 0 0 0 24 253 184 0 0 0 0 0 0 0
0 0 0 0 0 0 0 0 0 0 51 234 254 81 0 0 0 0 91 253 184 0 0 0 0 0 0 0
0 0 0 0 0 0 0 0 0 13 221 254 160 0 0 0 0 0 141 254 127 0 0 0 0 0 0 0
0 0 0 0 0 0 0 0 0 114 253 253 76 0 0 0 0 0 207 253 93 0 0 0 0 0 0 0
0 0 0 0 0 0 0 0 15 232 253 102 0 0 0 0 0 0 207 253 17 0 0 0 0 0 0 0
0 0 0 0 0 0 0 0 229 253 202 19 0 0 0 0 0 34 240 253 0 0 0 0 0 0 0 0
0 0 0 0 0 0 7 170 254 254 46 0 0 0 0 0 0 47 254 254 0 0 0 0 0 0 0 0
0 0 0 0 0 0 24 253 254 253 234 163 47 47 26 0 0 130 253 253 0 0 0 0 0 0 0 0
0 0 0 0 0 0 21 246 254 253 253 253 254 253 232 174 208 232 253 177 0 0 0 0 0 0 0 0
0 0 0 0 0 0 0 84 161 211 219 219 254 253 253 253 254 253 244 69 0 0 0 0 0 0 0 0
0 0 0 0 0 0 0 0 0 0 0 0 93 142 142 93 170 254 230 0 0 0 0 0 0 0 0 0
0 0 0 0 0 0 0 0 0 0 0 0 0 0 0 0 153 253 213 0 0 0 0 0 0 0 0 0
0 0 0 0 0 0 0 0 0 0 0 0 0 0 0 0 170 253 137 0 0 0 0 0 0 0 0 0
0 0 0 0 0 0 0 0 0 0 0 0 0 0 0 0 220 253 137 0 0 0 0 0 0 0 0 0
0 0 0 0 0 0 0 0 0 0 0 0 0 0 0 60 255 254 80 0 0 0 0 0 0 0 0 0
0 0 0 0 0 0 0 0 0 0 0 0 0 0 0 93 254 253 46 0 0 0 0 0 0 0 0 0
0 0 0 0 0 0 0 0 0 0 0 0 0 0 0 51 254 215 9 0 0 0 0 0 0 0 0 0
0 0 0 0 0 0 0 0 0 0 0 0 0 0 0 0 186 106 0 0 0 0 0 0 0 0 0 0
0 0 0 0 0 0 0 0 0 0 0 0 0 0 0 0 0 0 0 0 0 0 0 0 0 0 0 0
0 0 0 0 0 0 0 0 0 0 0 0 0 0 0 0 0 0 0 0 0 0 0 0 0 0 0 0
0 0 0 0 0 0 0 0 0 0 0 0 0 0 0 0 0 0 0 0 0 0 0 0 0 0 0 0
